4153
2243
6718
735
319
28234
2244
1581
2158
462
1361
1361
336
4018
336
10599
83729
10877
10878
10878
2165
3263
3053
731
1109
733
6906
81494
54363
3697
3697
3697
3697
1557
197
1571
1548
1549
1549
6898
10246
1548
1549
1549
3263
2244
4143
6580
6580
732
1544
1544
2243
2243
1565
1565
8608
1571
7274
10993
6554
1548
1549
1549
189
2330
2330
2330
433
433
433
433
570
570
570
570
1559
124
10747
1559
3080
344
346
2147
22809
22809
51156
51156
1548
3698
6360
1370
2155
2155
3818
2646
1491
1491
63910
64816
64816
64816
1369
9970
9970
9970
9970
9970
9970
9970
9970
9970
9970
1551
148
29881
3953
3953
57817
3953
3953
3953
1576
2330
2330
1356
1577
344
346
8647
23498
3929
9942
79831
79831
2822
763
1577
54988
64816
64816
64816
3953
3953
3953
79071
79071
79071
79071
10468
10991
3953
3953
3953
6342
6342
6342
6342
6342
6342
6342
6342
4594
132
5648
4522
9446
7066
629
717
717
2639
51380
28960
27141
27141
55337
4040
4040
64816
64816
64816
5648
83480
4594
2705
2705
9420
3570
3570
3638
3638
3638
9663
2271
55163
3483
3483
6256
23169
6256
29956
29956
9673
1652
1652
100037417
2875
79777
79777
79777
79777
10400
10400
10400
50848
4040
4040
1259
1259
5519
1723
3712
3712
10165
10165
64816
64816
64816
9942
348
10280
6799
6799
6817
6817
6817
6817
7915
79646
9351
9351
6472
6472
6472
6472
6472
6342
6342
6342
6342
6342
6342
6342
6342
6354
93436
26063
55268
51540
55256
339105
1592
1592
3155
3155
3155
3155
2822
2822
7779
720
721
90634
90634
2644
2729
26291
23408
23408
6480
6480
6480
11309
11309
217
51
51
64388
629
6799
6817
6817
6817
6817
6818
445329
5986
3931
80148
80148
80148
6472
6472
6472
6472
6472
51
51
6817
6817
6817
6817
6818
445329
2176
79572
2677
2677
56954
9830
9830
9830
35
29948
29948
29948
23528
5256
5256
10468
10468
148
148
148
148
590
23277
79071
79071
79071
79071
10467
4430
4430
4430
55337
7263
5096
5629
148
4357
4357
4357
622
622
622
7498
758
1036
6567
720
721
54875
55374
79639
788
23460
8630
2109
2109
54346
54346
80781
80781
79746
10171
51279
1553
283
7066
2643
2643
2643
2643
1018
23169
11309
11309
11309
3638
3638
6472
6472
6472
6472
6472
1066
1066
1066
25974
3638
3638
1573
9663
10244
1312
1312
1312
1312
1312
1312
1312
1312
10157
55238
93129
55311
1376
83452
10802
3176
4233
4233
5256
5256
55240
55240
55240
1376
5195
8528
8528
57761
23516
23516
23516
11094
11094
3295
23729
1101
23295
23295
23295
23295
7586
79001
79001
55365
1137
9538
9538
5091
5091
5091
10280
10280
3075
3078
28959
28959
28959
28959
28959
28959
28959
28959
2395
2395
